# Cornell box

# target <output-width> <output-height>
target 1024 768

# camera <position> <gaze> <fov> <resolution>
camera  50.0 45.0 205.6  50.0 45.0 204.6  45.0  1024 768

# object <position> <radius> <color> <emission> <bsdftype>
object 10001.0    40.8    81.6  10000.0  0.75 0.25 0.25     0.0 0.0 0.0 1
object -9901.0    40.8    81.6  10000.0  0.25 0.25 0.75     0.0 0.0 0.0 1
object    50.0    40.8 10000.0  10000.0  0.75 0.75 0.75     0.0 0.0 0.0 1
object    50.0    40.8 -9730.0  10000.0  0.50 0.50 0.50     0.0 0.0 0.0 1
object    50.0 10000.0    81.6  10000.0  0.75 0.75 0.75     0.0 0.0 0.0 1
object    50.0 -9918.4    81.6  10000.0  0.75 0.75 0.75     0.0 0.0 0.0 1
object    27.0    16.5    47.0     16.5  0.90 0.90 0.90     0.0 0.0 0.0 8
object    73.0    16.5    78.0     16.5  0.90 0.90 0.90     0.0 0.0 0.0 6
object    50.0    66.6    81.6      7.0  0.00 0.00 0.00  12.0 12.0 12.0 1

# light <index>
light 8